ID	GeneID	geneSymbol	chr	strand	longExonStart_0base	longExonEnd	shortES	shortEE	flankingES	flankingEE	ID	IJC_SAMPLE_1	SJC_SAMPLE_1	IJC_SAMPLE_2	SJC_SAMPLE_2	IncFormLen	SkipFormLen	PValue	FDR	IncLevel1	IncLevel2	IncLevelDifference
3	"ENSMUSG00000068457.14"	"Uty"	chrY	-	1176490	1176584	1176495	1176584	1174727	1174854	3	0,0,14,35,17,18	0,0,0,0,1,0	23,23,28,22,7,16	1,2,0,0,0,0	104	99	1	1.0	NA,NA,1.0,1.0,0.942,1.0	0.956,0.916,1.0,1.0,1.0,1.0	0.007
183	"ENSMUSG00000024287.8"	"Thoc1"	chr18	+	9959097	9959315	9959097	9959171	9962372	9962491	183	0,0,6,5,6,3	0,0,0,4,0,0	7,14,11,2,9,7	0,0,0,0,0,0	243	99	1	1.0	NA,NA,1.0,0.337,1.0,1.0	1.0,1.0,1.0,1.0,1.0,1.0	-0.166
184	"ENSMUSG00000024287.8"	"Thoc1"	chr18	+	9986288	9986603	9986288	9986355	9986690	9986761	184	0,0,80,148,153,129	0,0,0,2,0,0	149,175,116,115,90,109	0,0,0,0,0,0	347	99	1	1.0	NA,NA,1.0,0.955,1.0,1.0	1.0,1.0,1.0,1.0,1.0,1.0	-0.011
185	"ENSMUSG00000057440.8"	"Mpp7"	chr18	-	7626728	7626817	7626732	7626817	7561725	7561872	185	0,0,10,14,13,7	0,0,2,2,0,4	3,14,19,5,5,2	3,7,5,0,4,6	103	99	1	1.0	NA,NA,0.828,0.871,1.0,0.627	0.49,0.658,0.785,1.0,0.546,0.243	0.211
365	"ENSMUSG00000024293.16"	"Esco1"	chr18	-	10593745	10595875	10595675	10595875	10585977	10586041	365	0,0,344,427,583,376	0,0,1,9,1,0	530,497,427,427,461,403	5,0,2,2,4,2	2029	99	1	1.0	NA,NA,0.944,0.698,0.966,1.0	0.838,1.0,0.912,0.912,0.849,0.908	-0.001
366	"ENSMUSG00000024293.16"	"Esco1"	chr18	-	10593745	10595875	10595675	10595875	10588438	10588550	366	0,0,369,447,600,399	0,0,0,2,4,3	548,514,456,446,484,421	1,2,2,4,5,1	2029	99	1	1.0	NA,NA,1.0,0.916,0.88,0.866	0.964,0.926,0.918,0.845,0.825,0.954	0.01
614	"ENSMUSG00000029759.9"	"Pon3"	chr6	-	5246047	5246333	5246277	5246333	5240812	5240978	614	0,0,2,1,7,0	0,0,59,103,124,77	4,4,6,12,5,2	80,80,58,87,89,63	329	99	1	1.0	NA,NA,0.01,0.003,0.017,0.0	0.015,0.015,0.03,0.04,0.017,0.009	-0.014
722	"ENSMUSG00000028248.15"	"Pnisr"	chr4	+	21869515	21870405	21869515	21869615	21871437	21871608	722	0,0,370,542,645,607	0,0,0,0,7,0	606,757,622,675,387,716	2,0,0,6,0,0	889	99	1	1.0	NA,NA,1.0,1.0,0.911,1.0	0.971,1.0,1.0,0.926,1.0,1.0	-0.005
918	"ENSMUSG00000028329.13"	"Xpa"	chr4	-	46184280	46184453	46184287	46184453	46183117	46183235	918	0,0,0,0,6,0	0,0,22,42,53,36	5,1,2,6,1,5	49,44,54,44,38,37	106	99	1	1.0	NA,NA,0.0,0.0,0.096,0.0	0.087,0.021,0.033,0.113,0.024,0.112	-0.041
923	"ENSMUSG00000028467.15"	"Gba2"	chr4	-	43569488	43569955	43569829	43569955	43569180	43569285	923	0,0,90,98,92,70	0,0,0,0,0,0	98,70,117,105,60,108	1,3,0,0,0,0	440	99	1	1.0	NA,NA,1.0,1.0,1.0,1.0	0.957,0.84,1.0,1.0,1.0,1.0	0.034
925	"ENSMUSG00000035969.15"	"Rusc2"	chr4	+	43414695	43416718	43414695	43416402	43421604	43422249	925	0,0,337,237,275,208	0,0,0,0,1,0	209,269,320,294,261,262	0,0,0,0,0,0	415	99	1	1.0	NA,NA,1.0,1.0,0.985,1.0	1.0,1.0,1.0,1.0,1.0,1.0	-0.004
926	"ENSMUSG00000035969.15"	"Rusc2"	chr4	+	43425296	43426128	43425296	43425649	43426227	43426365	926	0,0,928,773,783,761	0,0,0,0,0,1	1038,862,1234,1039,927,875	0,0,2,0,0,0	578	99	1	1.0	NA,NA,1.0,1.0,1.0,0.992	1.0,1.0,0.991,1.0,1.0,1.0	-0.0
928	"ENSMUSG00000036078.16"	"Sigmar1"	chr4	-	41740775	41740976	41740822	41740976	41740549	41740642	928	0,0,121,124,173,112	0,0,2,11,6,4	130,125,167,140,156,123	1,6,6,6,7,7	146	99	1	1.0	NA,NA,0.976,0.884,0.951,0.95	0.989,0.934,0.95,0.941,0.938,0.923	-0.006
931	"ENSMUSG00000028423.15"	"Nfx1"	chr4	+	41015202	41016150	41015202	41015433	41017971	41018073	931	0,0,70,98,109,110	0,0,0,0,0,0	109,98,121,122,98,160	0,1,0,0,0,0	816	99	1	1.0	NA,NA,1.0,1.0,1.0,1.0	1.0,0.922,1.0,1.0,1.0,1.0	0.013
937	"ENSMUSG00000028295.14"	"Smim8"	chr4	-	34771873	34772053	34771877	34772053	34771257	34771414	937	0,0,11,9,2,7	0,0,5,1,5,3	8,9,11,15,4,12	2,9,10,6,9,6	103	99	1	1.0	NA,NA,0.679,0.896,0.278,0.692	0.794,0.49,0.514,0.706,0.299,0.658	0.059
940	"ENSMUSG00000028289.12"	"Epha7"	chr4	+	28938595	28938779	28938595	28938764	28942585	28942694	940	0,0,33,34,44,49	0,0,8,7,2,3	42,42,26,34,22,62	10,10,8,4,3,6	114	99	1	1.0	NA,NA,0.782,0.808,0.95,0.934	0.785,0.785,0.738,0.881,0.864,0.9	0.043
951	"ENSMUSG00000028468.15"	"Rgp1"	chr4	+	43579374	43579509	43579374	43579424	43579886	43580023	951	0,0,40,65,75,66	0,0,7,1,5,4	64,62,85,77,81,62	6,13,8,8,5,5	184	99	1	1.0	NA,NA,0.755,0.972,0.89,0.899	0.852,0.72,0.851,0.838,0.897,0.87	0.041
953	"ENSMUSG00000073988.13"	"Ttpa"	chr4	+	20023784	20023895	20023784	20023894	20028407	20030785	953	0,0,19,20,20,25	0,0,0,0,0,0	31,27,33,21,28,21	0,1,0,0,0,0	100	99	1	1.0	NA,NA,1.0,1.0,1.0,1.0	1.0,0.964,1.0,1.0,1.0,1.0	0.006
984	"ENSMUSG00000051517.14"	"Arhgef39"	chr4	-	43497880	43498029	43497958	43498029	43497581	43497710	984	0,0,0,0,0,0	0,0,7,3,4,1	1,2,2,6,3,0	6,3,0,2,9,5	177	99	1	1.0	NA,NA,0.0,0.0,0.0,0.0	0.085,0.272,1.0,0.627,0.157,0.0	-0.357
1022	"ENSMUSG00000028252.20"	"Ccnc"	chr4	+	21735416	21735468	21735416	21735464	21740591	21740647	1022	0,0,95,144,121,109	0,0,2,2,3,1	110,135,192,138,160,128	1,3,7,0,1,4	103	99	1	1.0	NA,NA,0.979,0.986,0.975,0.991	0.991,0.977,0.963,1.0,0.994,0.969	0.0
1039	"ENSMUSG00000036062.13"	"Phf24"	chr4	+	42934632	42934818	42934632	42934770	42937840	42937919	1039	0,0,185,155,209,180	0,0,0,1,2,6	143,118,116,165,188,198	2,2,2,5,3,3	147	99	1	1.0	NA,NA,1.0,0.991,0.986,0.953	0.98,0.975,0.975,0.957,0.977,0.978	0.009
1092	"ENSMUSG00000035601.9"	"Trmt10b"	chr4	+	45301235	45301350	45301235	45301344	45304263	45304388	1092	0,0,61,63,57,53	0,0,0,0,1,1	73,59,63,64,74,74	3,2,0,0,0,2	105	99	1	1.0	NA,NA,1.0,1.0,0.982,0.98	0.958,0.965,1.0,1.0,1.0,0.972	0.008
1104	"ENSMUSG00000028218.19"	"Fam92a"	chr4	-	12168222	12168324	12168228	12168324	12164087	12164192	1104	0,0,14,2,7,2	0,0,1,7,12,9	8,4,6,3,5,1	2,4,22,3,6,6	105	99	1	1.0	NA,NA,0.93,0.212,0.355,0.173	0.79,0.485,0.205,0.485,0.44,0.136	-0.006
1205	"ENSMUSG00000028410.13"	"Dnaja1"	chr4	+	40726104	40728183	40726104	40726209	40730172	40730287	1205	0,0,1298,1600,1641,1451	0,0,0,0,0,3	1857,1635,1792,1758,1780,1861	0,0,3,4,0,0	2073	99	1	1.0	NA,NA,1.0,1.0,1.0,0.959	1.0,1.0,0.966,0.955,1.0,1.0	0.003
1298	"ENSMUSG00000028441.12"	"1110017D15Rik"	chr4	-	41507093	41507328	41507098	41507328	41505567	41505654	1298	0,0,2,0,0,4	0,0,11,18,13,13	0,0,0,3,4,2	8,9,10,11,20,12	104	99	1	1.0	NA,NA,0.148,0.0,0.0,0.227	0.0,0.0,0.0,0.206,0.16,0.137	0.01
1395	"ENSMUSG00000028382.15"	"Ptbp3"	chr4	-	59524394	59524476	59524403	59524476	59517585	59517755	1395	0,0,29,47,56,33	0,0,2,5,17,6	39,37,41,20,52,43	7,6,6,5,5,5	108	99	1	1.0	NA,NA,0.93,0.896,0.751,0.834	0.836,0.85,0.862,0.786,0.905,0.887	-0.002
1402	"ENSMUSG00000035696.15"	"Rnf38"	chr4	-	44158902	44159052	44158989	44159052	44152359	44152553	1402	0,0,24,11,22,11	0,0,4,0,0,0	19,28,20,15,23,23	2,0,1,3,1,0	186	99	1	1.0	NA,NA,0.762,1.0,1.0,1.0	0.835,1.0,0.914,0.727,0.924,1.0	0.04
1563	"ENSMUSG00000032827.15"	"Ppp1r9a"	chr6	+	5154008	5154318	5154008	5154207	5156120	5156240	1563	0,0,1,0,3,2	0,0,30,31,15,17	2,0,5,5,3,6	27,23,25,26,27,18	210	99	1	1.0	NA,NA,0.015,0.0,0.086,0.053	0.034,0.0,0.086,0.083,0.05,0.136	-0.026
1590	"ENSMUSG00000042228.14"	"Lyn"	chr4	+	3738724	3738861	3738724	3738798	3742441	3742487	1590	0,0,52,70,87,62	0,0,22,46,26,16	50,56,60,68,64,75	20,39,22,37,31,25	162	99	1	1.0	NA,NA,0.591,0.482,0.672,0.703	0.604,0.467,0.625,0.529,0.558,0.647	0.04
1591	"ENSMUSG00000042228.14"	"Lyn"	chr4	+	3738724	3738861	3738724	3738798	3743196	3743302	1591	0,0,12,20,16,13	0,0,0,2,0,0	15,7,17,24,25,25	1,0,0,4,1,0	162	99	1	1.0	NA,NA,1.0,0.859,1.0,1.0	0.902,1.0,1.0,0.786,0.939,1.0	0.027
1635	"ENSMUSG00000055296.14"	"Tmem245"	chr4	-	56903353	56904049	56903917	56904049	56903211	56903247	1635	0,0,14,20,3,11	0,0,2,3,2,2	14,12,6,9,4,9	4,1,1,1,9,3	663	99	1	1.0	NA,NA,0.511,0.499,0.183,0.451	0.343,0.642,0.473,0.573,0.062,0.309	0.011
1636	"ENSMUSG00000055296.14"	"Tmem245"	chr4	-	56911940	56912130	56912047	56912130	56910156	56910247	1636	0,0,0,0,0,1	0,0,38,30,38,50	0,0,0,0,0,0	44,43,55,34,39,36	206	99	1	1.0	NA,NA,0.0,0.0,0.0,0.01	0.0,0.0,0.0,0.0,0.0,0.0	0.003
1810	"ENSMUSG00000041216.15"	"Clvs1"	chr4	+	9281387	9282012	9281387	9282008	9424185	9424296	1810	0,0,0,0,0,0	0,0,1,0,0,0	0,0,0,0,1,2	0,0,0,0,0,0	103	99	1	1.0	NA,NA,0.0,NA,NA,NA	NA,NA,NA,NA,1.0,1.0	-1.0
1812	"ENSMUSG00000047193.16"	"Dync2h1"	chr9	-	7101304	7101600	7101491	7101600	7101073	7101187	1812	0,0,1,1,0,0	0,0,34,18,20,15	2,0,1,0,1,0	18,16,20,17,24,15	286	99	1	1.0	NA,NA,0.01,0.019,0.0,0.0	0.037,0.0,0.017,0.0,0.014,0.0	-0.004
1832	"ENSMUSG00000028439.14"	"Fam219a"	chr4	-	41569176	41569537	41569209	41569537	41524365	41524414	1832	0,0,295,236,306,239	0,0,8,6,13,19	320,281,325,328,361,289	17,18,31,17,13,10	132	99	1	1.0	NA,NA,0.965,0.967,0.946,0.904	0.934,0.921,0.887,0.935,0.954,0.956	0.014
1834	"ENSMUSG00000028294.15"	"Cfap206"	chr4	-	34730059	34730195	34730063	34730195	34728795	34728908	1834	0,0,8,7,11,10	0,0,6,2,7,4	5,20,3,11,23,13	2,11,2,6,11,3	103	99	1	1.0	NA,NA,0.562,0.771,0.602,0.706	0.706,0.636,0.59,0.638,0.668,0.806	-0.014
1835	"ENSMUSG00000028294.15"	"Cfap206"	chr4	-	34730059	34730195	34730066	34730195	34728795	34728908	1835	0,0,8,7,11,10	0,0,2,0,0,1	5,20,3,11,23,13	0,0,0,2,0,1	106	99	1	1.0	NA,NA,0.789,1.0,1.0,0.903	1.0,1.0,1.0,0.837,1.0,0.924	-0.037
1836	"ENSMUSG00000028294.15"	"Cfap206"	chr4	-	34730063	34730195	34730066	34730195	34728795	34728908	1836	0,0,6,2,7,4	0,0,2,0,0,1	2,11,2,6,11,3	0,0,0,2,0,1	102	99	1	1.0	NA,NA,0.744,1.0,1.0,0.795	1.0,1.0,1.0,0.744,1.0,0.744	-0.03
1948	"ENSMUSG00000042198.12"	"Chchd7"	chr4	+	3938913	3939131	3938913	3938962	3939423	3939526	1948	0,0,56,72,66,48	0,0,4,5,2,0	72,64,73,99,62,54	4,1,3,1,6,3	268	99	1	1.0	NA,NA,0.838,0.842,0.924,1.0	0.869,0.959,0.9,0.973,0.792,0.869	0.007
1952	"ENSMUSG00000050323.14"	"Ndufaf6"	chr4	-	11073139	11073243	11073143	11073243	11070199	11070322	1952	0,0,7,0,2,3	0,0,13,18,25,14	3,10,0,7,2,1	28,28,16,31,37,45	103	99	1	1.0	NA,NA,0.341,0.0,0.071,0.171	0.093,0.256,0.0,0.178,0.049,0.021	0.046
2310	"ENSMUSG00000025887.10"	"Casp12"	chr9	+	5346481	5346733	5346481	5346523	5348898	5348958	2310	0,0,75,91,67,68	0,0,0,0,0,0	87,90,95,78,77,65	4,0,1,0,1,0	309	99	1	1.0	NA,NA,1.0,1.0,1.0,1.0	0.875,1.0,0.968,1.0,0.961,1.0	0.033
2353	"ENSMUSG00000049723.14"	"Mmp12"	chr9	+	7347490	7347575	7347490	7347538	7348677	7348832	2353	0,0,0,0,0,1	0,0,0,0,0,0	0,0,0,3,1,1	0,0,2,0,0,0	136	99	1	1.0	NA,NA,NA,NA,NA,1.0	NA,NA,0.0,1.0,1.0,1.0	0.25
2543	"ENSMUSG00000028453.10"	"Fancg"	chr4	-	43006983	43007114	43007048	43007114	43006749	43006896	2543	0,0,16,30,23,11	0,0,0,0,0,0	26,22,21,17,15,28	1,0,1,0,0,0	164	99	1	1.0	NA,NA,1.0,1.0,1.0,1.0	0.94,1.0,0.927,1.0,1.0,1.0	0.022
2544	"ENSMUSG00000028453.10"	"Fancg"	chr4	-	43006983	43007403	43007267	43007403	43006749	43006896	2544	0,0,12,21,15,9	0,0,0,0,0,0	19,17,18,14,18,19	0,0,0,1,0,0	383	99	1	1.0	NA,NA,1.0,1.0,1.0,1.0	1.0,1.0,1.0,0.783,1.0,1.0	0.036
2598	"ENSMUSG00000036073.17"	"Galt"	chr4	+	41756512	41756811	41756512	41756561	41756938	41756995	2598	0,0,96,84,71,69	0,0,18,8,15,12	78,90,108,70,131,85	11,14,14,10,13,17	349	99	1	1.0	NA,NA,0.602,0.749,0.573,0.62	0.668,0.646,0.686,0.665,0.741,0.586	-0.029
2626	"ENSMUSG00000040410.14"	"Fbxl4"	chr4	+	22422716	22423927	22422716	22422788	22427149	22427462	2626	0,0,4,11,10,42	0,0,55,36,38,32	24,17,7,21,17,14	48,35,81,54,33,47	1238	99	1	1.0	NA,NA,0.006,0.024,0.021,0.095	0.038,0.037,0.007,0.03,0.04,0.023	0.007
2667	"ENSMUSG00000028284.13"	"Map3k7"	chr4	+	31988588	31988719	31988588	31988715	31989933	31990015	2667	0,0,82,87,79,76	0,0,2,5,1,3	88,106,83,102,86,95	6,2,9,6,11,5	103	99	1	1.0	NA,NA,0.975,0.944,0.987,0.961	0.934,0.981,0.899,0.942,0.883,0.948	0.036
2668	"ENSMUSG00000028284.13"	"Map3k7"	chr4	+	31994873	31995010	31994873	31994954	32002088	32002153	2668	0,0,0,0,1,3	0,0,14,6,19,18	2,4,0,0,2,8	14,25,31,27,13,19	155	99	1	1.0	NA,NA,0.0,0.0,0.033,0.096	0.084,0.093,0.0,0.0,0.089,0.212	-0.047
2736	"ENSMUSG00000028312.19"	"Smc2"	chr4	+	52439242	52439410	52439242	52439334	52440200	52440423	2736	0,0,21,24,23,42	0,0,4,4,6,7	22,41,37,43,41,40	6,12,9,9,8,10	175	99	1	1.0	NA,NA,0.748,0.772,0.684,0.772	0.675,0.659,0.699,0.73,0.744,0.694	0.044
2737	"ENSMUSG00000028312.19"	"Smc2"	chr4	+	52439242	52439410	52439242	52439334	52442252	52442402	2737	0,0,4,3,3,0	0,0,0,0,0,0	1,3,0,5,3,1	3,0,0,0,0,0	175	99	1	1.0	NA,NA,1.0,1.0,1.0,NA	0.159,1.0,NA,1.0,1.0,1.0	0.168
2921	"ENSMUSG00000025899.14"	"Alkbh8"	chr9	+	3335477	3335748	3335477	3335594	3338455	3338591	2921	0,0,61,77,66,58	0,0,24,28,42,30	84,56,48,76,73,81	37,30,37,38,29,37	253	99	1	1.0	NA,NA,0.499,0.518,0.381,0.431	0.47,0.422,0.337,0.439,0.496,0.461	0.02
