ID	GeneID	geneSymbol	chr	strand	1stExonStart_0base	1stExonEnd	2ndExonStart_0base	2ndExonEnd	upstreamES	upstreamEE	downstreamES	downstreamEE	ID	IJC_SAMPLE_1	SJC_SAMPLE_1	IJC_SAMPLE_2	SJC_SAMPLE_2	IncFormLen	SkipFormLen	PValue	FDR	IncLevel1	IncLevel2	IncLevelDifference
4	"ENSMUSG00000068457.14"	"Uty"	chrY	-	1224496	1224546	1239710	1239819	1199454	1199513	1245155	1245219	4	0,0,14,14,12,9	0,0,3,11,6,4	27,23,30,17,27,15	10,16,18,16,9,7	208	149	1	1.0	NA,NA,0.77,0.477,0.589,0.617	0.659,0.507,0.544,0.432,0.682,0.606	0.042
27	"ENSMUSG00000024743.16"	"Syt7"	chr19	+	10422784	10423012	10426298	10426667	10417962	10418042	10430337	10430460	27	0,0,0,0,0,1	0,0,210,203,216,216	0,0,0,0,0,0	248,232,287,311,218,239	327	468	1	1.0	NA,NA,0.0,0.0,0.0,0.007	0.0,0.0,0.0,0.0,0.0,0.0	0.002
31	"ENSMUSG00000034108.6"	"Ccs"	chr19	-	4833340	4833518	4834172	4834310	4832832	4832893	4838830	4838903	31	0,0,0,0,0,0	0,0,0,1,2,0	0,0,0,0,3,0	3,6,4,3,1,1	237	277	1	1.0	NA,NA,NA,0.0,0.0,NA	0.0,0.0,0.0,0.0,0.778,0.0	-0.13
43	"ENSMUSG00000047879.17"	"Usp14"	chr18	-	10017990	10018095	10022817	10022850	10016540	10016644	10024533	10024679	43	0,0,237,269,245,218	0,0,168,210,193,125	179,215,232,225,213,284	194,203,173,182,188,181	132	204	1	1.0	NA,NA,0.686,0.664,0.662,0.729	0.588,0.621,0.675,0.656,0.636,0.708	0.038
44	"ENSMUSG00000024287.8"	"Thoc1"	chr18	+	9960485	9960552	9962372	9962491	9959097	9959315	9963262	9963311	44	0,0,9,11,17,14	0,0,39,33,53,45	18,10,17,13,18,24	44,44,37,61,30,41	166	218	1	1.0	NA,NA,0.233,0.304,0.296,0.29	0.349,0.23,0.376,0.219,0.441,0.435	-0.061
45	"ENSMUSG00000024283.15"	"Wac"	chr18	+	7901495	7901602	7905399	7905515	7871530	7871744	7905931	7906044	45	0,0,159,145,128,133	0,0,188,200,162,154	176,147,175,171,175,161	227,184,171,205,155,186	206	215	1	1.0	NA,NA,0.469,0.431,0.452,0.474	0.447,0.455,0.516,0.465,0.541,0.475	-0.027
46	"ENSMUSG00000057440.8"	"Mpp7"	chr18	-	7379988	7380069	7403185	7403356	7356141	7356235	7439568	7439633	46	0,0,29,19,10,10	0,0,2,4,11,7	14,17,24,28,6,26	1,6,11,3,1,10	270	180	1	1.0	NA,NA,0.906,0.76,0.377,0.488	0.903,0.654,0.593,0.862,0.8,0.634	-0.108
47	"ENSMUSG00000041225.16"	"Arhgap12"	chr18	-	6037017	6037116	6039353	6039455	6034449	6034552	6049276	6049358	47	0,0,122,133,124,92	0,0,102,108,100,80	114,106,179,109,120,132	103,122,144,99,99,134	201	198	1	1.0	NA,NA,0.541,0.548,0.55,0.531	0.522,0.461,0.55,0.52,0.544,0.492	0.028
48	"ENSMUSG00000041225.16"	"Arhgap12"	chr18	-	6056978	6056993	6057516	6057591	6052861	6052923	6061846	6061972	48	0,0,85,77,68,87	0,0,0,5,0,0	104,87,77,79,81,83	2,2,1,1,1,1	174	114	1	1.0	NA,NA,1.0,0.91,1.0,1.0	0.971,0.966,0.981,0.981,0.982,0.982	0.0
49	"ENSMUSG00000041225.16"	"Arhgap12"	chr18	-	6069830	6070091	6111684	6112439	6064340	6064421	6115813	6115850	49	0,0,627,684,631,624	0,0,89,133,141,100	715,669,594,572,728,666	93,77,98,125,115,134	854	360	1	1.0	NA,NA,0.748,0.684,0.654,0.725	0.764,0.786,0.719,0.659,0.727,0.677	-0.019
50	"ENSMUSG00000041225.16"	"Arhgap12"	chr18	-	6111684	6112439	6115813	6115850	6069830	6070091	6135803	6135888	50	0,0,11,24,41,23	0,0,631,711,673,639	25,16,17,16,30,25	720,662,587,624,746,691	136	854	1	1.0	NA,NA,0.099,0.175,0.277,0.184	0.179,0.132,0.154,0.139,0.202,0.185	0.019
51	"ENSMUSG00000024234.7"	"Mtpap"	chr18	+	4379568	4379741	4380653	4380887	4375591	4375778	4383184	4383413	51	0,0,136,121,117,119	0,0,68,63,53,69	159,123,146,123,171,88	70,65,69,47,54,69	272	333	1	1.0	NA,NA,0.71,0.702,0.73,0.679	0.736,0.698,0.721,0.762,0.795,0.61	-0.015
52	"ENSMUSG00000024234.7"	"Mtpap"	chr18	+	4379568	4379741	4380653	4380887	4375591	4375778	4383188	4383413	52	0,0,136,121,119,119	0,0,102,113,81,104	151,125,146,123,171,88	90,122,140,88,85,94	272	333	1	1.0	NA,NA,0.62,0.567,0.643,0.583	0.673,0.556,0.561,0.631,0.711,0.534	-0.008
53	"ENSMUSG00000024238.15"	"Zeb1"	chr18	+	5705042	5705243	5748693	5748855	5591890	5591967	5758964	5759167	53	0,0,113,108,152,110	0,0,150,129,118,129	138,123,118,159,150,157	139,126,161,146,157,142	300	261	1	1.0	NA,NA,0.396,0.421,0.528,0.426	0.463,0.459,0.389,0.487,0.454,0.49	-0.014
80	"ENSMUSG00000034413.14"	"Neurl1b"	chr17	+	26431786	26432332	26438666	26439359	26414828	26414995	26441077	26441203	80	0,0,236,211,166,174	0,0,5,7,15,3	202,224,249,204,187,186	3,1,5,2,2,14	645	792	1	1.0	NA,NA,0.983,0.974,0.931,0.986	0.988,0.996,0.984,0.992,0.991,0.942	-0.014
95	"ENSMUSG00000024293.16"	"Esco1"	chr18	-	10571954	10572142	10574874	10575018	10566506	10567646	10577000	10577090	95	0,0,49,51,50,56	0,0,82,76,51,89	58,33,64,47,62,39	98,83,116,73,84,93	243	287	1	1.0	NA,NA,0.414,0.442,0.537,0.426	0.411,0.32,0.395,0.432,0.466,0.331	0.062
96	"ENSMUSG00000024293.16"	"Esco1"	chr18	-	10577637	10577759	10582054	10582186	10577000	10577090	10584247	10584362	96	0,0,95,65,52,63	0,0,0,8,8,8	54,69,100,52,91,65	4,3,4,6,5,6	231	221	1	1.0	NA,NA,1.0,0.886,0.861,0.883	0.928,0.957,0.96,0.892,0.946,0.912	-0.025
97	"ENSMUSG00000024293.16"	"Esco1"	chr18	-	10585977	10586041	10593745	10595875	10584247	10584362	10596338	10596441	97	0,0,386,483,627,404	0,0,23,13,19,16	570,542,462,461,503,448	13,12,28,16,22,8	2229	163	1	1.0	NA,NA,0.551,0.731,0.707,0.649	0.762,0.768,0.547,0.678,0.626,0.804	-0.038
98	"ENSMUSG00000024293.16"	"Esco1"	chr18	-	10588438	10588550	10593745	10595875	10585977	10586041	10596338	10596441	98	0,0,389,484,627,404	0,0,29,42,27,18	574,537,466,465,503,448	30,18,38,31,38,25	2229	211	1	1.0	NA,NA,0.559,0.522,0.687,0.68	0.644,0.738,0.537,0.587,0.556,0.629	-0.003
99	"ENSMUSG00000024293.16"	"Esco1"	chr18	-	10588438	10588550	10595675	10595875	10585977	10586041	10596338	10596441	99	0,0,46,66,45,28	0,0,29,42,27,18	49,40,41,40,46,47	30,18,38,31,38,25	299	211	1	1.0	NA,NA,0.528,0.526,0.54,0.523	0.535,0.611,0.432,0.477,0.461,0.57	0.015
124	"ENSMUSG00000019843.14"	"Fyn"	chr10	+	39529436	39529601	39529918	39530074	39526780	39526930	39532015	39532195	124	3,1,4,2,5,5	0,0,0,1,0,0	2,1,2,0,2,1	0,0,0,0,0,0	264	255	1	1.0	1.0,1.0,1.0,0.659,1.0,1.0	1.0,1.0,1.0,NA,1.0,1.0	-0.057
134	"ENSMUSG00000028416.13"	"Bag1"	chr4	-	40939076	40939184	40941524	40941638	40937131	40937194	40943624	40943707	134	0,0,362,461,410,356	0,0,384,438,404,303	405,479,518,351,462,398	374,474,517,431,399,381	213	207	1	1.0	NA,NA,0.478,0.506,0.497,0.533	0.513,0.495,0.493,0.442,0.529,0.504	0.007
156	"ENSMUSG00000024236.18"	"Svil"	chr18	+	5054017	5054098	5055979	5056849	5048884	5049494	5058124	5058159	156	0,0,0,0,0,0	0,0,6,0,1,0	0,2,1,0,0,0	2,4,4,14,7,5	180	969	1	1.0	NA,NA,0.0,NA,0.0,NA	0.0,0.729,0.574,0.0,0.0,0.0	-0.217
157	"ENSMUSG00000024236.18"	"Svil"	chr18	+	5054017	5054098	5057274	5057439	5048884	5049494	5058124	5058159	157	0,0,0,0,0,0	0,0,0,1,4,0	0,2,1,0,0,0	2,2,4,3,5,0	180	264	1	1.0	NA,NA,NA,0.0,0.0,NA	0.0,0.595,0.268,0.0,0.0,NA	-0.173
158	"ENSMUSG00000024236.18"	"Svil"	chr18	+	5055979	5056849	5057274	5057439	5048884	5049494	5058124	5058159	158	0,0,6,0,1,0	0,0,0,1,4,0	2,4,4,14,7,5	2,2,4,3,5,0	969	264	1	1.0	NA,NA,1.0,0.0,0.064,NA	0.214,0.353,0.214,0.56,0.276,1.0	-0.081
162	"ENSMUSG00000028414.17"	"Fktn"	chr4	+	53724604	53724742	53729979	53730039	53720006	53720209	53731131	53731335	162	0,0,7,10,19,14	0,0,41,73,53,26	13,11,11,19,14,11	78,66,75,59,63,82	237	159	1	1.0	NA,NA,0.103,0.084,0.194,0.265	0.101,0.101,0.09,0.178,0.13,0.083	0.048
169	"ENSMUSG00000024286.8"	"Ccny"	chr18	-	9349387	9349423	9377793	9377828	9345413	9345471	9386734	9386809	169	0,0,20,31,20,30	0,0,55,62,57,58	35,40,39,33,28,57	76,65,71,50,89,59	134	135	1	1.0	NA,NA,0.268,0.335,0.261,0.343	0.317,0.383,0.356,0.399,0.241,0.493	-0.063
170	"ENSMUSG00000029767.16"	"Calu"	chr6	+	29361293	29361487	29361559	29361753	29356470	29356697	29366039	29366206	170	0,0,191,171,193,180	0,0,101,123,141,105	235,226,254,196,212,226	137,183,172,118,109,127	293	293	1	1.0	NA,NA,0.654,0.582,0.578,0.632	0.632,0.553,0.596,0.624,0.66,0.64	-0.006
174	"ENSMUSG00000062995.12"	"Ica1"	chr6	-	8653496	8653535	8653629	8653692	8643972	8644242	8656361	8656408	174	0,0,33,39,42,27	0,0,31,47,52,21	26,36,61,30,51,37	49,36,46,43,39,54	162	138	1	1.0	NA,NA,0.476,0.414,0.408,0.523	0.311,0.46,0.53,0.373,0.527,0.369	0.027
176	"ENSMUSG00000062995.12"	"Ica1"	chr6	-	8653629	8653692	8656361	8656408	8653496	8653535	8658219	8658314	176	0,0,41,53,43,21	0,0,32,23,46,48	43,41,47,37,42,42	37,47,44,44,35,39	146	162	1	1.0	NA,NA,0.587,0.719,0.509,0.327	0.563,0.492,0.542,0.483,0.571,0.544	0.003
177	"ENSMUSG00000062995.12"	"Ica1"	chr6	-	8754588	8754751	8758365	8758458	8749694	8749767	8778071	8778154	177	0,0,9,23,14,22	0,0,118,159,151,150	19,22,10,32,14,22	159,145,190,232,206,213	192	262	1	1.0	NA,NA,0.094,0.165,0.112,0.167	0.14,0.172,0.067,0.158,0.085,0.124	0.01
178	"ENSMUSG00000107705.1"	"Gm45062"	chr6	+	8373905	8373967	8426970	8427185	8270472	8270581	8537816	8537968	178	0,0,36,15,32,33	0,0,39,46,40,52	53,37,44,49,55,35	52,47,63,65,60,50	161	314	1	1.0	NA,NA,0.643,0.389,0.609,0.553	0.665,0.606,0.577,0.595,0.641,0.577	-0.062
181	"ENSMUSG00000089945.13"	"Pakap"	chr4	+	57638009	57638090	57647989	57648120	57568178	57568415	57688415	57688530	181	0,0,16,12,15,10	0,0,77,96,85,61	22,16,17,27,25,15	69,105,81,102,77,89	180	230	1	1.0	NA,NA,0.21,0.138,0.184,0.173	0.289,0.163,0.211,0.253,0.293,0.177	-0.055
182	"ENSMUSG00000089945.13"	"Pakap"	chr4	+	57647989	57648120	57688415	57688530	57637822	57638090	57689522	57689544	182	0,0,50,57,55,42	0,0,45,83,81,64	55,42,63,55,46,89	79,88,78,87,64,73	230	214	1	1.0	NA,NA,0.508,0.39,0.387,0.379	0.393,0.308,0.429,0.37,0.401,0.531	0.011
183	"ENSMUSG00000089945.13"	"Pakap"	chr4	+	57688415	57688530	57689522	57689544	57647989	57648120	57757600	57757683	183	0,0,72,90,84,60	0,0,6,2,6,5	61,101,71,106,67,81	10,12,10,9,11,7	214	121	1	1.0	NA,NA,0.872,0.962,0.888,0.872	0.775,0.826,0.801,0.869,0.775,0.867	0.08
184	"ENSMUSG00000089945.13"	"Pakap"	chr4	+	57689522	57689544	57757600	57757683	57688415	57688530	57854561	57854584	184	0,0,7,12,7,1	0,0,29,45,50,48	15,7,10,7,7,5	32,32,36,21,30,36	121	182	1	1.0	NA,NA,0.266,0.286,0.174,0.03	0.414,0.248,0.295,0.334,0.26,0.173	-0.098
186	"ENSMUSG00000089945.13"	"Pakap"	chr4	+	57757600	57757683	57854561	57857037	57689522	57689544	57883023	57883202	186	0,0,21,41,43,31	0,0,1020,1299,1504,1098	35,42,29,52,35,33	1291,1488,1465,1395,1308,1131	182	2575	1	1.0	NA,NA,0.226,0.309,0.288,0.285	0.277,0.285,0.219,0.345,0.275,0.292	-0.005
191	"ENSMUSG00000028292.14"	"Rars2"	chr4	+	34646507	34646614	34647785	34647881	34645696	34645855	34650190	34650251	191	0,0,26,41,54,43	0,0,51,64,49,53	87,44,69,61,57,36	87,53,101,78,68,55	206	195	1	1.0	NA,NA,0.326,0.377,0.511,0.434	0.486,0.44,0.393,0.425,0.442,0.383	-0.016
212	"ENSMUSG00000028248.15"	"Pnisr"	chr4	+	21857179	21857368	21859083	21859307	21854244	21854445	21860819	21860991	212	0,0,331,563,544,547	0,0,169,231,221,198	698,639,459,707,479,601	258,231,248,194,207,251	288	323	1	1.0	NA,NA,0.687,0.732,0.734,0.756	0.752,0.756,0.675,0.803,0.722,0.729	-0.012
213	"ENSMUSG00000028248.15"	"Pnisr"	chr4	+	21857179	21857368	21859083	21859307	21854346	21854445	21860877	21860991	213	0,0,332,570,539,552	0,0,64,97,86,76	705,639,461,703,479,599	120,113,103,89,77,73	288	323	1	1.0	NA,NA,0.853,0.868,0.875,0.891	0.868,0.864,0.834,0.899,0.875,0.902	-0.002
220	"ENSMUSG00000028411.15"	"Aptx"	chr4	-	40694851	40695136	40695376	40695423	40693389	40693449	40697216	40697353	220	0,0,33,41,26,39	0,0,188,174,176,144	40,34,36,36,48,38	239,199,223,201,201,204	146	384	1	1.0	NA,NA,0.316,0.383,0.28,0.416	0.306,0.31,0.298,0.32,0.386,0.329	0.024
221	"ENSMUSG00000028411.15"	"Aptx"	chr4	-	40695376	40695418	40697216	40697353	40694851	40695136	40703136	40703187	221	0,0,22,25,24,39	0,0,27,29,34,25	36,23,37,40,34,27	26,28,29,37,22,25	236	141	1	1.0	NA,NA,0.327,0.34,0.297,0.482	0.453,0.329,0.433,0.392,0.48,0.392	-0.052
222	"ENSMUSG00000028411.15"	"Aptx"	chr4	-	40695376	40695423	40697216	40697353	40694851	40695136	40703136	40703194	222	0,0,22,25,24,39	0,0,32,29,34,32	36,23,37,40,34,27	27,30,32,42,22,27	236	146	1	1.0	NA,NA,0.298,0.348,0.304,0.43	0.452,0.322,0.417,0.371,0.489,0.382	-0.061
225	"ENSMUSG00000028409.11"	"Smu1"	chr4	-	40753486	40753597	40754507	40754660	40751924	40752053	40755626	40755837	225	0,0,237,276,261,202	0,0,118,119,139,110	324,241,263,326,321,375	128,129,195,146,178,131	252	210	1	1.0	NA,NA,0.626,0.659,0.61,0.605	0.678,0.609,0.529,0.65,0.6,0.705	-0.003
226	"ENSMUSG00000028409.11"	"Smu1"	chr4	-	40754507	40754660	40755626	40755837	40753486	40753597	40757776	40757883	226	0,0,279,308,281,297	0,0,145,122,136,101	436,365,401,454,457,499	172,176,165,173,189,160	310	252	1	1.0	NA,NA,0.61,0.672,0.627,0.705	0.673,0.628,0.664,0.681,0.663,0.717	-0.017
231	"ENSMUSG00000040464.15"	"Gtpbp10"	chr5	-	5555237	5555382	5556064	5556156	5546352	5546405	5557212	5557406	231	0,0,0,0,2,0	0,0,0,0,0,0	0,0,1,0,0,0	0,0,0,2,0,1	191	244	1	1.0	NA,NA,NA,NA,1.0,NA	NA,NA,1.0,0.0,NA,0.0	0.667
234	"ENSMUSG00000028347.14"	"Tmeff1"	chr4	+	48636839	48636988	48650294	48650418	48617231	48617331	48658773	48658932	234	0,0,363,312,322,275	0,0,329,299,345,224	431,418,473,392,450,353	388,388,437,351,342,341	248	223	1	1.0	NA,NA,0.498,0.484,0.456,0.525	0.5,0.492,0.493,0.501,0.542,0.482	-0.011
235	"ENSMUSG00000028347.14"	"Tmeff1"	chr4	+	48638979	48639045	48650294	48650418	48636839	48636988	48658773	48658932	235	0,0,199,162,197,174	0,0,329,299,345,224	271,269,262,225,244,213	388,388,439,353,342,340	165	223	1	1.0	NA,NA,0.45,0.423,0.436,0.512	0.486,0.484,0.446,0.463,0.491,0.458	-0.016
236	"ENSMUSG00000029757.16"	"Dync1i1"	chr6	+	5769649	5769791	5800774	5800890	5767029	5767144	5905104	5905194	236	0,0,0,2,5,0	0,0,117,84,103,91	0,0,1,1,2,0	79,78,84,82,101,81	241	215	1	1.0	NA,NA,0.0,0.021,0.042,0.0	0.0,0.0,0.011,0.011,0.017,0.0	0.009
237	"ENSMUSG00000029757.16"	"Dync1i1"	chr6	+	5769700	5769791	5784438	5784498	5767029	5767144	5800774	5800890	237	0,0,132,138,139,95	0,0,44,39,46,39	128,152,127,129,140,154	34,27,39,29,37,35	190	159	1	1.0	NA,NA,0.715,0.748,0.717,0.671	0.759,0.825,0.732,0.788,0.76,0.786	-0.062
238	"ENSMUSG00000029757.16"	"Dync1i1"	chr6	+	5769700	5769791	5800774	5800890	5767029	5767144	5905104	5905194	238	0,0,108,93,115,71	0,0,117,84,103,91	96,95,97,80,99,115	79,78,84,82,101,81	190	215	1	1.0	NA,NA,0.511,0.556,0.558,0.469	0.579,0.58,0.566,0.525,0.526,0.616	-0.042
239	"ENSMUSG00000029757.16"	"Dync1i1"	chr6	+	5769733	5769791	5800774	5800890	5767029	5767144	5905104	5905194	239	0,0,23,12,11,3	0,0,117,84,103,91	3,6,10,10,11,12	79,78,84,82,101,81	157	215	1	1.0	NA,NA,0.212,0.164,0.128,0.043	0.049,0.095,0.14,0.143,0.13,0.169	0.016
257	"ENSMUSG00000036241.3"	"Ube2r2"	chr4	+	41174040	41174127	41183244	41183342	41135742	41136246	41189151	41189286	257	0,0,142,133,134,144	0,0,266,251,269,180	162,146,174,206,166,170	222,266,350,252,246,217	186	197	1	1.0	NA,NA,0.361,0.359,0.345,0.459	0.436,0.368,0.345,0.464,0.417,0.453	-0.033
258	"ENSMUSG00000036241.3"	"Ube2r2"	chr4	+	41183244	41183342	41189151	41189286	41174040	41174127	41190604	41193380	258	0,0,201,175,206,170	0,0,443,461,409,364	184,245,199,191,176,161	439,426,604,486,462,457	197	234	1	1.0	NA,NA,0.35,0.311,0.374,0.357	0.332,0.406,0.281,0.318,0.312,0.295	0.024
262	"ENSMUSG00000050812.18"	"Ecpas"	chr4	-	58819142	58819264	58820127	58820175	58817399	58817550	58821362	58821468	262	0,0,31,33,40,47	0,0,94,92,93,66	44,33,36,44,45,35	87,69,111,87,84,92	147	221	1	1.0	NA,NA,0.331,0.35,0.393,0.517	0.432,0.418,0.328,0.432,0.446,0.364	-0.006
263	"ENSMUSG00000038764.14"	"Ptpn3"	chr4	-	57262428	57262507	57264865	57264908	57257974	57258019	57264982	57265090	263	0,0,11,9,8,8	0,0,14,9,12,12	9,5,13,13,10,9	11,10,9,13,11,10	142	178	1	1.0	NA,NA,0.496,0.556,0.455,0.455	0.506,0.385,0.644,0.556,0.533,0.53	-0.035
264	"ENSMUSG00000028434.12"	"Epb41l4b"	chr4	-	57068304	57068338	57071051	57071082	57064798	57064863	57073261	57073371	264	0,0,12,1,2,4	0,0,2,0,4,6	2,2,0,5,5,3	4,5,2,2,5,3	130	133	1	1.0	NA,NA,0.86,1.0,0.338,0.405	0.338,0.29,0.0,0.719,0.506,0.506	0.258
265	"ENSMUSG00000028426.10"	"Rad23b"	chr4	+	55380988	55381116	55382479	55382615	55378233	55378289	55383586	55383714	265	0,0,274,323,319,274	0,0,551,592,641,499	370,385,347,381,407,285	586,638,690,639,693,564	227	235	1	1.0	NA,NA,0.34,0.361,0.34,0.362	0.395,0.385,0.342,0.382,0.378,0.343	-0.02
266	"ENSMUSG00000028426.10"	"Rad23b"	chr4	+	55382479	55382615	55383586	55383714	55380988	55381116	55385409	55385601	266	0,0,581,613,608,570	0,0,264,318,388,296	686,659,729,679,657,569	415,367,398,329,399,366	235	227	1	1.0	NA,NA,0.68,0.651,0.602,0.65	0.615,0.634,0.639,0.666,0.614,0.6	0.018
268	"ENSMUSG00000028412.17"	"Slc44a1"	chr4	+	53481463	53481553	53491387	53491530	53440670	53440716	53517544	53517681	268	0,0,56,44,47,26	0,0,346,280,317,274	62,50,75,66,51,65	433,439,436,437,434,331	189	242	1	1.0	NA,NA,0.172,0.168,0.16,0.108	0.155,0.127,0.181,0.162,0.131,0.201	-0.008
269	"ENSMUSG00000028412.17"	"Slc44a1"	chr4	+	53528654	53528748	53538389	53538479	53517544	53517681	53541300	53541440	269	0,0,185,196,186,159	0,0,149,144,148,136	255,203,251,223,210,196	186,169,215,196,197,204	193	189	1	1.0	NA,NA,0.549,0.571,0.552,0.534	0.573,0.541,0.533,0.527,0.511,0.485	0.023
271	"ENSMUSG00000063446.4"	"Plppr1"	chr4	+	49206387	49206495	49282255	49282444	49059281	49059617	49300920	49301053	271	0,0,31,8,13,11	0,0,58,41,62,59	35,9,19,29,15,13	72,67,62,70,67,76	207	288	1	1.0	NA,NA,0.426,0.214,0.226,0.206	0.403,0.157,0.299,0.366,0.238,0.192	-0.008
272	"ENSMUSG00000039809.10"	"Gabbr2"	chr4	-	46804058	46804124	46815637	46815739	46798476	46798677	46846280	46846451	272	0,0,133,128,146,110	0,0,49,53,54,46	137,98,86,135,140,155	44,53,57,58,49,53	201	165	1	1.0	NA,NA,0.69,0.665,0.689,0.663	0.719,0.603,0.553,0.656,0.701,0.706	0.02
273	"ENSMUSG00000039809.10"	"Gabbr2"	chr4	-	46815637	46815739	46846280	46846451	46804058	46804124	46875664	46875802	273	0,0,212,180,229,161	0,0,143,142,140,114	222,148,157,249,203,259	128,96,116,167,159,159	270	201	1	1.0	NA,NA,0.525,0.486,0.549,0.513	0.564,0.534,0.502,0.526,0.487,0.548	-0.009
274	"ENSMUSG00000028478.18"	"Clta"	chr4	+	44030214	44030268	44031399	44031435	44025448	44025560	44032400	44032846	274	0,0,320,339,307,272	0,0,132,147,123,106	291,257,340,351,356,276	122,149,220,193,172,135	153	135	1	1.0	NA,NA,0.681,0.67,0.688,0.694	0.678,0.603,0.577,0.616,0.646,0.643	0.056
275	"ENSMUSG00000028467.15"	"Gba2"	chr4	-	43569488	43569661	43569829	43569955	43569180	43569285	43570036	43570190	275	0,0,59,53,59,48	0,0,81,85,85,67	50,23,57,29,46,57	80,56,106,99,54,97	225	272	1	1.0	NA,NA,0.468,0.43,0.456,0.464	0.43,0.332,0.394,0.262,0.507,0.415	0.064
276	"ENSMUSG00000028458.12"	"Tesk1"	chr4	+	43445040	43445123	43445283	43445374	43444572	43444719	43445522	43445606	276	0,0,40,43,68,32	0,0,143,125,121,111	45,31,59,49,41,31	184,132,173,180,165,138	182	190	1	1.0	NA,NA,0.226,0.264,0.37,0.231	0.203,0.197,0.263,0.221,0.206,0.19	0.059
278	"ENSMUSG00000028433.14"	"Ubap2"	chr4	-	41211704	41211894	41216565	41216633	41209352	41209569	41218310	41218363	278	0,0,78,80,91,87	0,0,154,117,129,112	90,65,108,105,99,113	119,117,132,119,139,120	167	289	1	1.0	NA,NA,0.467,0.542,0.55,0.573	0.567,0.49,0.586,0.604,0.552,0.62	-0.037
279	"ENSMUSG00000028433.14"	"Ubap2"	chr4	-	41227198	41227276	41229694	41229848	41226279	41226334	41233603	41233714	279	0,0,169,155,151,124	0,0,96,93,80,64	222,163,208,205,130,128	95,89,92,77,66,108	253	177	1	1.0	NA,NA,0.552,0.538,0.569,0.575	0.62,0.562,0.613,0.651,0.579,0.453	-0.021
284	"ENSMUSG00000045083.14"	"Lingo2"	chr4	-	36136453	36136486	36259856	36259936	36056641	36056804	36437506	36437586	284	0,0,12,10,14,6	0,0,9,3,8,0	16,22,15,17,15,21	12,13,4,12,7,4	179	132	1	1.0	NA,NA,0.496,0.711,0.563,1.0	0.496,0.555,0.734,0.511,0.612,0.795	0.075
285	"ENSMUSG00000045083.14"	"Lingo2"	chr4	-	36259856	36259936	36437506	36437586	36136453	36136486	36718866	36718963	285	0,0,18,21,18,14	0,0,14,12,14,14	34,32,27,31,21,24	18,16,18,20,17,22	179	179	1	1.0	NA,NA,0.562,0.636,0.562,0.5	0.654,0.667,0.6,0.608,0.553,0.522	-0.036
286	"ENSMUSG00000045083.14"	"Lingo2"	chr4	-	36437506	36437586	36718866	36718963	36259856	36259936	36950257	36950486	286	0,0,4,6,2,4	0,0,11,8,10,3	5,9,13,1,6,10	31,36,9,17,15,13	196	179	1	1.0	NA,NA,0.249,0.407,0.154,0.549	0.128,0.186,0.569,0.051,0.268,0.413	0.071
287	"ENSMUSG00000045083.14"	"Lingo2"	chr4	-	36437506	36437586	36718866	36718963	36259856	36259936	36951080	36951223	287	0,0,5,13,15,5	0,0,10,8,10,3	20,14,10,23,19,7	31,37,9,17,15,13	196	179	1	1.0	NA,NA,0.313,0.597,0.578,0.604	0.371,0.257,0.504,0.553,0.536,0.33	0.098
289	"ENSMUSG00000028282.12"	"Casp8ap2"	chr4	+	32624083	32624166	32630177	32630246	32615450	32615492	32631065	32631166	289	0,0,0,0,0,0	0,0,11,4,10,9	0,1,0,0,0,0	18,18,18,18,10,8	182	168	1	1.0	NA,NA,0.0,0.0,0.0,0.0	0.0,0.049,0.0,0.0,0.0,0.0	-0.008
290	"ENSMUSG00000028282.12"	"Casp8ap2"	chr4	+	32624083	32624166	32630177	32630246	32615477	32615739	32631065	32631166	290	0,0,0,0,1,1	0,0,11,4,9,9	0,1,1,0,2,0	18,18,18,18,10,9	182	168	1	1.0	NA,NA,0.0,0.0,0.093,0.093	0.0,0.049,0.049,0.0,0.156,0.0	0.004
291	"ENSMUSG00000028221.3"	"Pip4p2"	chr4	+	14886533	14886682	14892392	14892499	14864075	14864437	14893500	14893624	291	0,0,171,172,164,125	0,0,128,106,118,124	150,129,158,146,150,153	118,147,136,143,163,100	248	206	1	1.0	NA,NA,0.526,0.574,0.536,0.456	0.514,0.422,0.491,0.459,0.433,0.56	0.043
292	"ENSMUSG00000040550.17"	"Otud6b"	chr4	-	14819094	14819215	14822691	14822772	14818175	14818488	14825498	14825653	292	0,0,376,345,366,292	0,0,0,5,6,4	388,411,346,396,402,433	15,3,6,3,3,7	180	220	1	1.0	NA,NA,1.0,0.988,0.987,0.989	0.969,0.994,0.986,0.994,0.994,0.987	0.004
303	"ENSMUSG00000020167.14"	"Tcf3"	chr10	-	80410397	80410624	80412826	80413062	80409546	80410274	80413204	80413337	303	19,8,6,10,8,11	0,0,0,0,1,0	12,6,7,10,24,9	0,0,0,2,0,0	335	326	1	1.0	1.0,1.0,1.0,1.0,0.886,1.0	1.0,1.0,1.0,0.83,1.0,1.0	0.009
305	"ENSMUSG00000038544.14"	"Inip"	chr4	-	59773915	59774006	59775446	59775549	59769636	59772459	59782253	59782334	305	0,0,30,46,31,25	0,0,26,21,25,25	45,32,44,48,32,43	21,30,29,42,39,30	202	190	1	1.0	NA,NA,0.52,0.673,0.538,0.485	0.668,0.501,0.588,0.518,0.436,0.574	0.007
328	"ENSMUSG00000090053.9"	"Pakap"	chr4	+	57568369	57568415	57638009	57638090	57434246	57434556	57647989	57648120	328	0,0,16,26,13,21	0,0,30,46,48,28	22,9,10,15,10,38	42,40,50,59,32,57	145	180	1	1.0	NA,NA,0.398,0.412,0.252,0.482	0.394,0.218,0.199,0.24,0.28,0.453	0.089
329	"ENSMUSG00000090053.9"	"Pakap"	chr4	+	57568369	57568415	57647989	57648120	57434246	57434556	57688415	57688530	329	0,0,16,26,13,21	0,0,77,95,85,60	22,9,10,14,8,38	69,106,81,100,74,89	145	230	1	1.0	NA,NA,0.248,0.303,0.195,0.357	0.336,0.119,0.164,0.182,0.146,0.404	0.051
331	"ENSMUSG00000086150.1"	"Bach2os"	chr4	-	32561533	32562009	32565507	32565554	32559679	32560574	32571583	32571662	331	0,0,0,0,0,0	0,0,21,29,25,19	0,1,0,0,0,1	21,27,30,28,42,36	146	575	1	1.0	NA,NA,0.0,0.0,0.0,0.0	0.0,0.127,0.0,0.0,0.0,0.099	-0.038
337	"ENSMUSG00000028218.19"	"Fam92a"	chr4	-	12155648	12155768	12157650	12157764	12153408	12153978	12164087	12164192	337	0,0,195,182,161,188	0,0,102,142,132,111	224,245,247,188,203,206	156,109,164,123,145,118	213	219	1	1.0	NA,NA,0.663,0.569,0.556,0.635	0.596,0.698,0.608,0.611,0.59,0.642	-0.018
338	"ENSMUSG00000028218.19"	"Fam92a"	chr4	-	12164268	12164274	12165765	12165771	12164087	12164192	12168222	12168324	338	0,0,189,255,259,205	0,0,0,0,0,4	262,269,293,247,256,214	0,0,2,1,0,1	105	105	1	1.0	NA,NA,1.0,1.0,1.0,0.981	1.0,1.0,0.993,0.996,1.0,0.995	-0.002
354	"ENSMUSG00000028456.18"	"Unc13b"	chr4	+	43101800	43101874	43115102	43115160	43096898	43097022	43165743	43165978	354	0,0,9,6,10,11	0,0,0,4,0,2	14,10,17,6,18,4	5,0,7,4,7,4	173	157	1	1.0	NA,NA,1.0,0.576,1.0,0.833	0.718,1.0,0.688,0.576,0.7,0.476	0.159
355	"ENSMUSG00000028456.18"	"Unc13b"	chr4	+	43215451	43217965	43227924	43227947	43209497	43209723	43230117	43230164	355	0,0,108,127,128,141	0,0,1,0,0,0	276,280,274,211,161,136	1,1,6,3,0,0	2613	122	1	1.0	NA,NA,0.835,1.0,1.0,1.0	0.928,0.929,0.681,0.767,1.0,1.0	0.075
358	"ENSMUSG00000054752.16"	"Fsd1l"	chr4	+	53693983	53694084	53694607	53694859	53686387	53686517	53696889	53696978	358	0,0,4,1,10,3	0,0,26,89,94,49	10,0,6,3,4,7	61,93,77,92,76,67	200	351	1	1.0	NA,NA,0.213,0.019,0.157,0.097	0.223,0.0,0.12,0.054,0.085,0.155	0.015
359	"ENSMUSG00000054752.16"	"Fsd1l"	chr4	+	53693986	53694084	53694607	53694859	53686387	53686517	53696889	53696978	359	0,0,8,10,27,11	0,0,26,89,94,49	10,11,12,9,8,7	61,93,77,92,76,67	197	351	1	1.0	NA,NA,0.354,0.167,0.339,0.286	0.226,0.174,0.217,0.148,0.158,0.157	0.107
360	"ENSMUSG00000040387.16"	"Klhl32"	chr4	-	24629159	24629352	24649539	24650266	24612553	24617546	24682054	24682270	360	0,0,131,122,155,129	0,0,11,5,7,3	219,168,190,213,164,188	4,10,8,4,14,14	826	292	1	1.0	NA,NA,0.808,0.896,0.887,0.938	0.951,0.856,0.894,0.95,0.805,0.826	0.002
361	"ENSMUSG00000040387.16"	"Klhl32"	chr4	-	24632642	24632701	24682054	24682270	24629159	24629352	24708952	24709051	361	0,0,26,32,28,44	0,0,12,4,19,7	43,37,33,37,29,40	17,11,22,14,13,11	315	158	1	1.0	NA,NA,0.521,0.801,0.425,0.759	0.559,0.628,0.429,0.57,0.528,0.646	0.067
362	"ENSMUSG00000040387.16"	"Klhl32"	chr4	-	24649539	24650266	24682054	24682270	24632642	24632701	24708952	24709051	362	0,0,27,32,28,45	0,0,133,119,156,136	43,37,34,37,29,40	221,188,216,242,173,203	315	826	1	1.0	NA,NA,0.347,0.414,0.32,0.465	0.338,0.34,0.292,0.286,0.305,0.341	0.07
363	"ENSMUSG00000040387.16"	"Klhl32"	chr4	-	24649539	24650266	24708952	24709051	24632642	24632701	24743857	24743965	363	0,0,20,27,20,22	0,0,133,119,156,134	36,23,30,33,26,20	222,188,216,242,173,203	198	826	1	1.0	NA,NA,0.385,0.486,0.348,0.406	0.404,0.338,0.367,0.363,0.385,0.291	0.048
364	"ENSMUSG00000040387.16"	"Klhl32"	chr4	-	24682054	24682270	24743857	24743965	24649301	24650266	24792616	24792797	364	0,0,21,24,20,21	0,0,43,38,38,41	21,18,22,23,20,26	57,36,38,31,42,52	207	315	1	1.0	NA,NA,0.426,0.49,0.445,0.438	0.359,0.432,0.468,0.53,0.42,0.432	0.01
365	"ENSMUSG00000040387.16"	"Klhl32"	chr4	-	24682054	24682270	24708952	24709051	24649539	24650266	24743857	24743965	365	0,0,20,27,18,24	0,0,48,38,42,45	36,23,30,33,26,20	61,39,39,32,44,58	198	315	1	1.0	NA,NA,0.399,0.531,0.405,0.459	0.484,0.484,0.55,0.621,0.485,0.354	-0.048
366	"ENSMUSG00000040387.16"	"Klhl32"	chr4	-	24708952	24709051	24743857	24743965	24682054	24682270	24792616	24792797	366	0,0,26,25,24,25	0,0,1,14,10,8	24,21,23,24,22,32	16,18,19,15,12,17	207	198	1	1.0	NA,NA,0.961,0.631,0.697,0.749	0.589,0.527,0.537,0.605,0.637,0.643	0.17
367	"ENSMUSG00000028222.2"	"Calb1"	chr4	+	15895628	15895685	15898877	15898955	15895440	15895524	15900768	15900824	367	0,0,126,147,110,120	0,0,93,116,120,82	34,31,26,67,109,109	39,22,47,44,91,114	156	177	1	1.0	NA,NA,0.606,0.59,0.51,0.624	0.497,0.615,0.386,0.633,0.576,0.52	0.045
369	"ENSMUSG00000028410.13"	"Dnaja1"	chr4	+	40723972	40724150	40726104	40726209	40723702	40723844	40727955	40728183	369	0,0,793,934,996,959	0,0,598,811,668,652	1120,1054,1013,1061,1183,1155	882,685,783,878,823,909	277	204	1	1.0	NA,NA,0.494,0.459,0.523,0.52	0.483,0.531,0.488,0.471,0.514,0.483	0.004
370	"ENSMUSG00000028410.13"	"Dnaja1"	chr4	+	40726104	40726209	40727955	40728183	40723972	40724150	40730172	40730287	370	0,0,600,804,765,711	0,0,1245,1503,1527,1302	891,680,958,982,881,1019	1755,1545,1690,1672,1708,1774	204	327	1	1.0	NA,NA,0.436,0.462,0.445,0.467	0.449,0.414,0.476,0.485,0.453,0.479	-0.007
374	"ENSMUSG00000028464.16"	"Tpm2"	chr4	-	43518643	43518719	43519002	43519078	43518401	43518464	43519226	43519297	374	0,0,4,4,2,4	0,0,18,13,8,21	4,2,2,3,6,11	11,14,28,26,25,12	175	175	1	1.0	NA,NA,0.182,0.235,0.2,0.16	0.267,0.125,0.067,0.103,0.194,0.478	-0.011
381	"ENSMUSG00000015189.12"	"Casd1"	chr6	+	4625465	4625555	4629961	4630081	4624051	4624474	4631007	4631164	381	0,0,84,49,62,44	0,0,89,89,81,86	47,40,39,52,62,52	95,64,70,95,66,91	189	219	1	1.0	NA,NA,0.522,0.389,0.47,0.372	0.364,0.42,0.392,0.388,0.521,0.398	0.024
382	"ENSMUSG00000028207.18"	"Asph"	chr4	-	9583811	9583856	9598268	9598301	9542224	9542310	9601306	9601363	382	0,0,17,12,11,15	0,0,14,24,13,9	19,19,11,18,22,22	16,28,22,14,23,14	132	144	1	1.0	NA,NA,0.57,0.353,0.48,0.645	0.564,0.425,0.353,0.584,0.511,0.632	0.001
383	"ENSMUSG00000028207.18"	"Asph"	chr4	-	9604515	9604629	9607796	9607871	9602468	9602501	9610842	9610938	383	0,0,108,99,94,95	0,0,147,166,160,150	121,100,133,116,131,108	231,192,201,221,216,211	174	213	1	1.0	NA,NA,0.474,0.422,0.418,0.437	0.391,0.389,0.448,0.391,0.426,0.385	0.033
384	"ENSMUSG00000028207.18"	"Asph"	chr4	-	9607796	9607871	9610842	9610938	9604515	9604629	9639197	9639347	384	0,0,8,10,12,8	0,0,76,66,76,60	5,13,13,13,13,15	88,111,109,96,111,89	195	174	1	1.0	NA,NA,0.086,0.119,0.123,0.106	0.048,0.095,0.096,0.108,0.095,0.131	0.013
385	"ENSMUSG00000028207.18"	"Asph"	chr4	-	9607796	9607871	9635900	9635969	9604515	9604629	9639197	9639347	385	0,0,81,84,62,77	0,0,76,66,76,60	108,75,86,110,88,94	88,111,109,96,111,89	168	174	1	1.0	NA,NA,0.525,0.569,0.458,0.571	0.56,0.412,0.45,0.543,0.451,0.522	0.041
386	"ENSMUSG00000028207.18"	"Asph"	chr4	-	9610842	9610938	9635900	9635969	9604515	9604629	9639197	9639347	386	0,0,81,84,62,77	0,0,8,10,12,8	108,75,86,110,88,94	5,13,13,13,13,15	168	195	1	1.0	NA,NA,0.922,0.907,0.857,0.918	0.962,0.87,0.885,0.908,0.887,0.879	0.003
387	"ENSMUSG00000028207.18"	"Asph"	chr4	-	9610842	9610938	9635900	9635969	9607796	9607871	9639197	9639347	387	0,0,81,81,63,76	0,0,154,113,115,107	98,72,79,106,77,71	140,128,131,139,148,119	168	195	1	1.0	NA,NA,0.379,0.454,0.389,0.452	0.448,0.395,0.412,0.47,0.377,0.409	0.0
388	"ENSMUSG00000028207.18"	"Asph"	chr4	-	9610842	9610938	9639197	9639347	9607796	9607871	9668780	9669162	388	0,0,132,158,200,128	0,0,154,111,115,107	187,210,157,176,186,187	140,128,131,139,146,119	249	195	1	1.0	NA,NA,0.402,0.527,0.577,0.484	0.511,0.562,0.484,0.498,0.499,0.552	-0.02
395	"ENSMUSG00000035572.16"	"Dcaf10"	chr4	+	45349536	45349591	45359760	45359958	45348105	45348219	45370305	45370508	395	0,0,5,3,7,1	0,0,69,68,38,61	3,2,3,1,3,5	54,95,77,88,78,65	154	297	1	1.0	NA,NA,0.123,0.078,0.262,0.031	0.097,0.039,0.07,0.021,0.069,0.129	0.053
411	"ENSMUSG00000028232.13"	"Tmem68"	chr4	-	3551751	3551891	3554353	3554414	3549040	3550579	3560498	3560692	411	0,0,32,64,82,74	0,0,92,137,121,103	56,70,105,64,67,78	138,121,163,135,141,159	160	239	1	1.0	NA,NA,0.342,0.411,0.503,0.518	0.377,0.464,0.49,0.415,0.415,0.423	0.013
412	"ENSMUSG00000028232.13"	"Tmem68"	chr4	-	3551751	3551891	3560498	3560692	3549040	3550579	3564092	3564257	412	0,0,120,187,188,160	0,0,81,132,116,94	194,171,180,169,175,190	124,119,139,105,133,148	293	239	1	1.0	NA,NA,0.547,0.536,0.569,0.581	0.561,0.54,0.514,0.568,0.518,0.512	0.023
413	"ENSMUSG00000028232.13"	"Tmem68"	chr4	-	3569363	3569752	3570320	3570372	3564092	3564257	3574703	3574809	413	0,0,13,17,9,15	0,0,323,415,432,352	17,8,13,22,13,7	565,453,454,527,421,476	151	488	1	1.0	NA,NA,0.115,0.117,0.063,0.121	0.089,0.054,0.085,0.119,0.091,0.045	0.024
419	"ENSMUSG00000028246.13"	"Faxc"	chr4	+	21948691	21948888	21958443	21958667	21936632	21936768	21982385	21982502	419	0,0,68,78,96,73	0,0,100,67,92,74	63,59,98,69,75,85	64,80,81,107,74,96	296	323	1	1.0	NA,NA,0.426,0.56,0.532,0.518	0.518,0.446,0.569,0.413,0.525,0.491	0.015
420	"ENSMUSG00000038578.15"	"Susd1"	chr4	-	59324867	59324907	59329462	59329721	59315711	59315805	59332936	59333033	420	0,0,24,19,14,12	0,0,5,8,9,4	17,21,25,17,21,21	3,2,7,9,11,1	358	139	1	1.0	NA,NA,0.651,0.48,0.377,0.538	0.688,0.803,0.581,0.423,0.426,0.891	-0.124
421	"ENSMUSG00000038578.15"	"Susd1"	chr4	-	59365721	59365914	59379598	59379785	59351637	59351729	59380860	59380958	421	0,0,33,18,23,18	0,0,25,17,17,17	29,15,20,20,30,18	19,8,11,19,11,14	286	292	1	1.0	NA,NA,0.574,0.519,0.58,0.519	0.609,0.657,0.65,0.518,0.736,0.568	-0.075
422	"ENSMUSG00000038578.15"	"Susd1"	chr4	-	59369530	59369640	59380860	59380958	59365721	59365914	59390572	59390752	422	0,0,6,7,4,6	0,0,11,3,15,6	7,3,5,7,8,10	19,7,16,6,4,10	197	209	1	1.0	NA,NA,0.367,0.712,0.221,0.515	0.281,0.313,0.249,0.553,0.68,0.515	0.022
423	"ENSMUSG00000038578.15"	"Susd1"	chr4	-	59412169	59412322	59423994	59424150	59411269	59411449	59427950	59428064	423	0,0,29,5,3,20	0,0,17,2,13,10	10,9,22,19,15,19	12,11,8,20,4,6	255	252	1	1.0	NA,NA,0.628,0.712,0.186,0.664	0.452,0.447,0.731,0.484,0.787,0.758	-0.062
424	"ENSMUSG00000085614.1"	"1700123M08Rik"	chr4	+	11976443	11976587	11980141	11980408	11966573	11966683	11993864	11993999	424	0,0,4,2,4,0	0,0,5,5,10,6	11,3,7,3,3,0	9,24,12,26,10,4	243	366	1	1.0	NA,NA,0.546,0.376,0.376,0.0	0.648,0.158,0.468,0.148,0.311,0.0	0.036
440	"ENSMUSG00000035696.15"	"Rnf38"	chr4	-	44149024	44149238	44152359	44152553	44143447	44143615	44168242	44168287	440	0,0,14,16,21,13	0,0,65,68,77,62	21,12,15,23,16,20	58,64,70,86,69,72	293	313	1	1.0	NA,NA,0.187,0.201,0.226,0.183	0.279,0.167,0.186,0.222,0.199,0.229	-0.014
448	"ENSMUSG00000041135.15"	"Ripk2"	chr4	-	16139204	16139254	16151916	16152074	16138073	16138235	16155034	16155190	448	0,0,10,22,8,7	0,0,4,4,9,2	13,25,25,7,26,8	5,9,5,21,9,6	257	149	1	1.0	NA,NA,0.592,0.761,0.34,0.67	0.601,0.617,0.744,0.162,0.626,0.436	0.06
449	"ENSMUSG00000041135.15"	"Ripk2"	chr4	-	16151916	16152074	16155034	16155190	16139204	16139254	16158276	16158430	449	0,0,11,14,9,0	0,0,25,23,20,13	13,18,18,7,18,8	23,29,17,35,34,24	255	257	1	1.0	NA,NA,0.307,0.38,0.312,0.0	0.363,0.385,0.516,0.168,0.348,0.251	-0.089
451	"ENSMUSG00000029752.12"	"Asns"	chr6	-	7681933	7682035	7682270	7682456	7681249	7681377	7685168	7685406	451	0,0,662,647,588,457	0,0,257,275,271,234	707,772,847,667,647,673	333,351,356,263,342,306	285	201	1	1.0	NA,NA,0.645,0.624,0.605,0.579	0.6,0.608,0.627,0.641,0.572,0.608	0.004
458	"ENSMUSG00000040183.13"	"Ankrd6"	chr4	-	32818604	32818709	32821256	32821334	32817418	32817550	32822152	32822251	458	0,0,20,15,24,11	0,0,47,40,39,36	24,14,31,16,26,18	40,45,36,28,33,32	177	204	1	1.0	NA,NA,0.329,0.302,0.415,0.26	0.409,0.264,0.498,0.397,0.476,0.393	-0.08
459	"ENSMUSG00000040183.13"	"Ankrd6"	chr4	-	32824395	32824494	32827088	32827187	32823405	32823504	32828709	32828808	459	0,0,33,19,47,26	0,0,24,18,32,16	38,26,32,37,30,31	37,16,31,36,28,39	198	198	1	1.0	NA,NA,0.579,0.514,0.595,0.619	0.507,0.619,0.508,0.507,0.517,0.443	0.06
463	"ENSMUSG00000073888.13"	"Ccl27a"	chr4	-	41771137	41771235	41773464	41773524	41769843	41769976	41773735	41773803	463	0,0,100,113,81,116	0,0,79,74,99,98	100,67,110,130,126,130	118,65,100,80,81,92	159	197	1	1.0	NA,NA,0.611,0.654,0.503,0.595	0.512,0.561,0.577,0.668,0.658,0.636	-0.011
469	"ENSMUSG00000005936.19"	"Kctd20"	chr17	+	28963250	28963371	28963960	28964158	28962809	28962912	28964973	28965084	469	0,0,0,0,0,0	0,0,21,36,22,27	0,1,0,0,0,0	31,22,24,20,29,34	220	297	1	1.0	NA,NA,0.0,0.0,0.0,0.0	0.0,0.058,0.0,0.0,0.0,0.0	-0.01
488	"ENSMUSG00000028444.17"	"Cntfr"	chr4	-	41675019	41675104	41686796	41686886	41670842	41671076	41695310	41695442	488	0,0,51,53,56,48	0,0,81,56,61,47	62,58,88,54,70,62	108,75,117,115,96,85	189	184	1	1.0	NA,NA,0.38,0.48,0.472,0.499	0.359,0.43,0.423,0.314,0.415,0.415	0.065
496	"ENSMUSG00000032827.15"	"Ppp1r9a"	chr6	+	5100431	5100587	5110999	5111053	5077479	5077615	5113600	5113830	496	0,0,108,126,158,104	0,0,33,41,43,28	62,78,78,94,115,104	14,16,16,33,35,33	255	153	1	1.0	NA,NA,0.663,0.648,0.688,0.69	0.727,0.745,0.745,0.631,0.663,0.654	-0.022
520	"ENSMUSG00000047187.9"	"Rab2a"	chr4	+	8561151	8561223	8572525	8572593	8535643	8535908	8577954	8578037	520	0,0,266,260,243,293	0,0,472,547,547,497	314,263,299,298,320,291	543,503,643,484,633,531	171	167	1	1.0	NA,NA,0.355,0.317,0.303,0.365	0.361,0.338,0.312,0.376,0.331,0.349	-0.01
521	"ENSMUSG00000047187.9"	"Rab2a"	chr4	+	8578470	8578563	8582381	8582493	8577954	8578037	8604373	8604442	521	0,0,600,638,689,623	0,0,819,847,923,804	695,609,765,641,744,681	933,943,1000,886,1052,963	192	211	1	1.0	NA,NA,0.446,0.453,0.451,0.46	0.45,0.415,0.457,0.443,0.437,0.437	0.013
524	"ENSMUSG00000033411.16"	"Ctdspl2"	chr2	+	121978891	121979041	121981151	121981364	121977330	121977469	121986948	121987027	524	0,0,0,1,0,0	0,0,3,9,7,7	2,0,0,0,0,0	7,12,9,6,6,5	249	312	1	1.0	NA,NA,0.0,0.122,0.0,0.0	0.264,0.0,0.0,0.0,0.0,0.0	-0.014
550	"ENSMUSG00000041216.15"	"Clvs1"	chr4	+	9281387	9282012	9350646	9350821	9269316	9269471	9424185	9424296	550	0,0,295,245,266,279	0,0,55,56,97,75	326,351,301,333,308,285	106,111,97,98,78,110	724	274	1	1.0	NA,NA,0.67,0.623,0.509,0.585	0.538,0.545,0.54,0.563,0.599,0.495	0.05
551	"ENSMUSG00000041216.15"	"Clvs1"	chr4	+	9281387	9282012	9424185	9424296	9269316	9269471	9429739	9429975	551	0,0,295,245,266,279	0,0,37,62,40,29	327,351,301,333,308,283	43,41,52,43,47,41	724	210	1	1.0	NA,NA,0.698,0.534,0.659,0.736	0.688,0.713,0.627,0.692,0.655,0.667	-0.017
552	"ENSMUSG00000047193.16"	"Dync2h1"	chr9	-	6955906	6955996	6967079	6967289	6941594	6941704	6983389	6983506	552	0,0,51,32,52,23	0,0,17,21,12,14	60,34,41,42,34,48	25,20,17,12,12,24	309	189	1	1.0	NA,NA,0.647,0.482,0.726,0.501	0.595,0.51,0.596,0.682,0.634,0.55	-0.006
556	"ENSMUSG00000063889.16"	"Crem"	chr18	-	3276693	3276729	3287903	3288092	3273421	3273578	3295039	3295182	556	0,0,17,21,9,15	0,0,24,31,14,21	36,8,8,12,13,11	27,23,9,22,12,17	288	135	1	1.0	NA,NA,0.249,0.241,0.232,0.251	0.385,0.14,0.294,0.204,0.337,0.233	-0.022
557	"ENSMUSG00000063889.16"	"Crem"	chr18	-	3299161	3299308	3309645	3309755	3295321	3295416	3325360	3325478	557	0,0,2,2,1,2	0,0,20,12,23,12	5,1,4,0,0,1	14,16,18,21,15,9	209	246	1	1.0	NA,NA,0.105,0.164,0.049,0.164	0.296,0.069,0.207,0.0,0.0,0.116	0.006
558	"ENSMUSG00000063889.16"	"Crem"	chr18	-	3299161	3299308	3325360	3325478	3295321	3295416	3327493	3327507	558	0,0,22,17,21,12	0,0,10,10,14,6	18,7,28,19,16,16	5,10,7,4,6,4	217	246	1	1.0	NA,NA,0.714,0.658,0.63,0.694	0.803,0.442,0.819,0.843,0.751,0.819	-0.072
559	"ENSMUSG00000063889.16"	"Crem"	chr18	-	3299161	3299308	3325360	3325478	3295321	3295416	3337379	3337589	559	0,0,29,28,39,12	0,0,8,10,14,6	37,13,40,42,28,21	5,12,7,4,6,4	217	246	1	1.0	NA,NA,0.804,0.76,0.759,0.694	0.893,0.551,0.866,0.922,0.841,0.856	-0.067
567	"ENSMUSG00000028437.14"	"Ubap1"	chr4	+	41366889	41366930	41371724	41371849	41348995	41349231	41378946	41379870	567	0,0,123,130,116,91	0,0,98,127,144,101	128,128,161,162,159,132	139,127,146,142,164,141	140	224	1	1.0	NA,NA,0.668,0.621,0.563,0.59	0.596,0.617,0.638,0.646,0.608,0.6	-0.007
568	"ENSMUSG00000028437.14"	"Ubap1"	chr4	+	41366889	41366930	41378946	41379870	41348995	41349231	41387174	41387357	568	0,0,124,135,115,94	0,0,706,701,684,683	127,129,160,157,153,129	871,840,987,940,837,826	140	1023	1	1.0	NA,NA,0.562,0.585,0.551,0.501	0.516,0.529,0.542,0.55,0.572,0.533	0.009
569	"ENSMUSG00000028437.14"	"Ubap1"	chr4	+	41378946	41379870	41387174	41387357	41366889	41366930	41388095	41388197	569	0,0,608,625,601,606	0,0,116,121,146,115	745,755,880,853,752,736	158,171,180,136,138,158	1023	282	1	1.0	NA,NA,0.591,0.587,0.532,0.592	0.565,0.549,0.574,0.634,0.6,0.562	-0.005
570	"ENSMUSG00000028437.14"	"Ubap1"	chr4	+	41378946	41379870	41387174	41387357	41371724	41371849	41388095	41388197	570	0,0,738,792,769,732	0,0,120,134,148,129	928,924,1066,1022,939,905	190,177,196,156,146,172	1023	282	1	1.0	NA,NA,0.629,0.62,0.589,0.61	0.574,0.59,0.6,0.644,0.639,0.592	0.006
577	"ENSMUSG00000001418.13"	"Glmp"	chr3	+	88325676	88325931	88326114	88326312	88325081	88325201	88326410	88326629	577	0,0,1,5,0,1	0,0,1,3,0,0	0,2,0,0,1,5	1,2,0,5,0,0	354	297	1	1.0	NA,NA,0.456,0.583,NA,1.0	0.0,0.456,NA,0.0,1.0,1.0	0.188
579	"ENSMUSG00000028383.17"	"Hsdl2"	chr4	+	59601372	59601567	59606471	59606543	59597256	59597355	59610509	59610875	579	0,0,130,197,160,179	0,0,95,71,97,64	264,268,246,248,253,333	74,99,111,95,102,95	294	171	1	1.0	NA,NA,0.443,0.617,0.49,0.619	0.675,0.612,0.563,0.603,0.591,0.671	-0.077
580	"ENSMUSG00000028383.17"	"Hsdl2"	chr4	+	59606471	59606543	59610509	59610875	59601372	59601567	59612681	59612810	580	0,0,61,64,61,59	0,0,277,274,262,202	89,102,96,111,92,105	320,396,386,361,347,368	171	465	1	1.0	NA,NA,0.375,0.388,0.388,0.443	0.431,0.412,0.403,0.455,0.419,0.437	-0.028
583	"ENSMUSG00000035683.13"	"Melk"	chr4	+	44306989	44307106	44308905	44309049	44306031	44306117	44310289	44310358	583	0,0,10,13,16,15	0,0,8,12,11,4	12,8,12,20,14,7	6,3,14,6,8,7	216	243	1	1.0	NA,NA,0.584,0.549,0.621,0.808	0.692,0.75,0.491,0.789,0.663,0.529	-0.012
584	"ENSMUSG00000035683.13"	"Melk"	chr4	+	44308905	44309049	44310289	44310358	44306989	44307106	44312163	44312256	584	0,0,10,19,24,14	0,0,7,8,5,7	13,14,11,14,25,3	6,8,8,3,4,1	243	168	1	1.0	NA,NA,0.497,0.621,0.768,0.58	0.6,0.547,0.487,0.763,0.812,0.675	-0.031
585	"ENSMUSG00000035683.13"	"Melk"	chr4	+	44308947	44309049	44310289	44310358	44306989	44307106	44312163	44312256	585	0,0,0,0,1,0	0,0,7,8,5,7	0,0,0,0,0,0	6,8,8,3,4,1	201	168	1	1.0	NA,NA,0.0,0.0,0.143,0.0	0.0,0.0,0.0,0.0,0.0,0.0	0.036
593	"ENSMUSG00000028420.13"	"Tmem38b"	chr4	+	53840626	53840783	53848865	53849050	53826044	53826220	53850473	53850561	593	0,0,23,33,31,37	0,0,78,102,99,84	39,44,31,48,61,35	141,91,110,135,93,94	256	284	1	1.0	NA,NA,0.246,0.264,0.258,0.328	0.235,0.349,0.238,0.283,0.421,0.292	-0.029
595	"ENSMUSG00000040738.10"	"Ints8"	chr4	-	11248170	11248311	11252775	11252950	11247831	11247903	11253980	11254258	595	0,0,111,79,87,78	0,0,26,35,34,9	85,80,116,100,109,86	33,28,47,32,23,31	274	240	1	1.0	NA,NA,0.789,0.664,0.691,0.884	0.693,0.714,0.684,0.732,0.806,0.708	0.034
605	"ENSMUSG00000041261.9"	"Car8"	chr4	-	8189296	8189392	8221549	8221674	8185575	8185638	8237918	8238110	605	0,0,54,30,44,41	0,0,27,33,45,29	76,25,57,59,54,67	49,35,72,40,54,47	224	195	1	1.0	NA,NA,0.635,0.442,0.46,0.552	0.575,0.383,0.408,0.562,0.465,0.554	0.031
607	"ENSMUSG00000050323.14"	"Ndufaf6"	chr4	-	11060860	11060994	11066650	11066707	11059011	11059113	11070199	11070322	607	0,0,4,12,7,1	0,0,19,21,40,33	1,3,9,8,5,9	37,45,38,29,48,30	156	233	1	1.0	NA,NA,0.239,0.46,0.207,0.043	0.039,0.091,0.261,0.292,0.135,0.309	0.049
608	"ENSMUSG00000050323.14"	"Ndufaf6"	chr4	-	11062049	11062152	11066650	11066707	11060860	11060994	11070199	11070322	608	0,0,3,12,7,1	0,0,46,57,42,46	1,3,7,9,5,8	48,43,49,39,54,31	156	202	1	1.0	NA,NA,0.078,0.214,0.178,0.027	0.026,0.083,0.156,0.23,0.107,0.25	-0.018
609	"ENSMUSG00000045205.16"	"Dpy19l4"	chr4	-	11281003	11281124	11285053	11285173	11277928	11277985	11287474	11287633	609	0,0,40,87,57,41	0,0,62,63,73,44	58,73,63,57,42,64	84,85,67,62,73,67	219	220	1	1.0	NA,NA,0.393,0.581,0.44,0.483	0.41,0.463,0.486,0.48,0.366,0.49	0.025
610	"ENSMUSG00000066324.2"	"Impad1"	chr4	-	4769311	4769473	4776313	4776409	4762483	4767972	4778192	4778355	610	0,0,75,100,120,58	0,0,137,188,248,177	87,104,94,113,89,131	237,199,243,193,270,258	195	261	1	1.0	NA,NA,0.423,0.416,0.393,0.305	0.329,0.412,0.341,0.439,0.306,0.405	0.012
686	"ENSMUSG00000025898.6"	"Cwf19l2"	chr9	+	3430437	3431087	3441054	3441145	3428667	3428783	3442960	3443047	686	0,0,88,170,173,134	0,0,18,36,23,38	213,226,230,258,203,233	36,27,34,36,39,27	749	190	1	1.0	NA,NA,0.554,0.545,0.656,0.472	0.6,0.68,0.632,0.645,0.569,0.686	-0.079
687	"ENSMUSG00000025892.16"	"Gria4"	chr9	-	4427029	4427144	4432772	4432887	4424319	4424454	4456004	4456252	687	0,0,92,90,107,111	0,0,82,89,70,59	51,49,45,54,62,77	87,71,62,60,84,92	214	214	1	1.0	NA,NA,0.529,0.503,0.605,0.653	0.37,0.408,0.421,0.474,0.425,0.456	0.147
688	"ENSMUSG00000025892.16"	"Gria4"	chr9	-	4432772	4432887	4456004	4456252	4424319	4424454	4461905	4462104	688	0,0,119,129,139,115	0,0,59,55,71,72	71,91,103,107,134,108	36,32,31,45,39,50	347	214	1	1.0	NA,NA,0.554,0.591,0.547,0.496	0.549,0.637,0.672,0.595,0.679,0.571	-0.07
689	"ENSMUSG00000025892.16"	"Gria4"	chr9	-	4456004	4456252	4464113	4464484	4427029	4427144	4472011	4472218	689	0,0,182,199,156,187	0,0,69,84,81,68	165,143,168,177,175,167	61,65,69,62,109,68	470	347	1	1.0	NA,NA,0.661,0.636,0.587,0.67	0.666,0.619,0.643,0.678,0.542,0.645	0.006
690	"ENSMUSG00000025892.16"	"Gria4"	chr9	-	4519485	4519539	4537634	4537819	4513222	4513381	4664767	4665007	690	0,0,155,189,205,131	0,0,47,48,49,49	166,177,156,160,125,139	33,48,68,58,66,52	284	153	1	1.0	NA,NA,0.64,0.68,0.693,0.59	0.73,0.665,0.553,0.598,0.505,0.59	0.044
691	"ENSMUSG00000025892.16"	"Gria4"	chr9	-	4537634	4537819	4664767	4665007	4519485	4519539	4793809	4793968	691	0,0,199,252,252,224	0,0,295,250,349,242	203,208,218,209,190,185	260,294,265,315,261,261	339	284	1	1.0	NA,NA,0.361,0.458,0.377,0.437	0.395,0.372,0.408,0.357,0.379,0.373	0.028
703	"ENSMUSG00000015243.4"	"Abca1"	chr4	-	53050934	53051009	53059256	53059362	53050288	53050458	53060332	53060365	703	0,0,188,236,197,197	0,0,183,227,226,195	198,214,190,226,196,182	201,183,214,260,207,185	205	174	1	1.0	NA,NA,0.466,0.469,0.425,0.462	0.455,0.498,0.43,0.425,0.446,0.455	0.004
707	"ENSMUSG00000040720.15"	"Virma"	chr4	+	11534188	11534321	11542106	11542203	11530827	11531045	11544830	11544997	707	0,0,55,56,45,30	0,0,31,55,47,44	23,34,32,36,47,27	66,68,61,57,38,42	232	196	1	1.0	NA,NA,0.6,0.462,0.447,0.365	0.227,0.297,0.307,0.348,0.511,0.352	0.128
752	"ENSMUSG00000040410.14"	"Fbxl4"	chr4	+	22403531	22403745	22422716	22422788	22390676	22390921	22427149	22427462	752	0,0,77,92,48,61	0,0,12,15,13,15	66,66,89,93,67,57	21,14,37,27,10,17	313	171	1	1.0	NA,NA,0.778,0.77,0.669,0.69	0.632,0.72,0.568,0.653,0.785,0.647	0.059
753	"ENSMUSG00000040410.14"	"Fbxl4"	chr4	+	22403531	22403745	22422716	22423927	22390676	22390921	22427149	22427462	753	0,0,77,92,48,61	0,0,4,8,9,42	66,66,89,93,67,57	24,17,7,21,17,14	313	1310	1	1.0	NA,NA,0.988,0.98,0.957,0.859	0.92,0.942,0.982,0.949,0.943,0.945	-0.001
762	"ENSMUSG00000028274.17"	"Rngtt"	chr4	+	33404152	33404253	33443600	33443667	33379368	33379437	33498950	33499074	762	0,0,20,39,31,19	0,0,21,25,24,33	29,47,46,29,41,51	24,30,30,39,14,23	200	166	1	1.0	NA,NA,0.441,0.564,0.517,0.323	0.501,0.565,0.56,0.382,0.709,0.648	-0.1
764	"ENSMUSG00000021614.16"	"Vcan"	chr13	-	89688284	89693501	89702917	89705797	89685078	89685192	89712204	89712498	764	0,0,3,0,2,2	0,0,0,0,10,2	4,2,0,10,0,1	3,0,2,2,2,2	2979	5316	1	1.0	NA,NA,1.0,NA,0.263,0.641	0.704,1.0,0.0,0.899,0.0,0.472	0.122
769	"ENSMUSG00000050945.8"	"Zfp438"	chr18	-	5213118	5214919	5245385	5245453	5210028	5211198	5288860	5288938	769	0,0,13,4,2,7	0,0,120,130,159,124	12,15,8,10,12,7	150,135,190,165,184,115	167	1900	1	1.0	NA,NA,0.552,0.259,0.125,0.391	0.476,0.558,0.324,0.408,0.426,0.409	-0.102
784	"ENSMUSG00000025888.6"	"Casp1"	chr9	+	5299279	5299546	5299802	5299865	5298507	5298723	5302416	5302529	784	0,0,86,99,67,47	0,0,12,10,18,9	67,51,90,67,91,63	16,11,24,4,23,13	366	162	1	1.0	NA,NA,0.76,0.814,0.622,0.698	0.65,0.672,0.624,0.881,0.637,0.682	0.032
793	"ENSMUSG00000110344.1"	"Gm45716"	chr11	+	90228034	90228189	90248804	90249735	90208983	90209046	90250770	90251255	793	2,1,1,4,1,2	0,0,0,2,0,0	0,0,2,0,1,4	0,0,0,0,0,0	254	1030	1	1.0	1.0,1.0,1.0,0.89,1.0,1.0	NA,NA,1.0,NA,1.0,1.0	-0.018
802	"ENSMUSG00000039307.16"	"Hexdc"	chr11	+	121214759	121214924	121215170	121215335	121213982	121214070	121216892	121217076	802	0,0,1,1,3,1	4,1,0,1,0,1	0,1,3,2,1,0	0,0,2,2,3,0	264	264	1	1.0	0.0,0.0,1.0,0.5,1.0,0.5	NA,1.0,0.6,0.5,0.25,NA	-0.088
874	"ENSMUSG00000039599.16"	"Fam149b"	chr14	+	20359754	20359916	20363262	20363450	20358023	20358140	20374329	20374454	874	0,0,0,0,0,1	0,0,0,0,0,0	0,0,0,1,0,0	1,0,0,0,0,0	261	287	1	1.0	NA,NA,NA,NA,NA,1.0	0.0,NA,NA,1.0,NA,NA	0.5
880	"ENSMUSG00000069045.11"	"Ddx3y"	chrY	-	1280309	1280439	1282900	1282948	1279422	1279578	1284321	1284382	880	0,0,33,35,40,29	0,0,99,129,136,140	30,33,49,32,22,39	162,151,150,202,165,156	147	229	1	1.0	NA,NA,0.342,0.297,0.314,0.244	0.224,0.254,0.337,0.198,0.172,0.28	0.055
881	"ENSMUSG00000069045.11"	"Ddx3y"	chrY	-	1280309	1280439	1282900	1282968	1279422	1279578	1284321	1284382	881	0,0,1,0,0,3	0,0,99,129,136,140	1,3,2,0,0,2	162,151,150,202,165,156	167	229	1	1.0	NA,NA,0.014,0.0,0.0,0.029	0.008,0.027,0.018,0.0,0.0,0.017	-0.001
